`controls` <-
structure(list(Sample = structure(c(1L, 1L, 1L, 2L, 2L, 2L, 3L, 
3L, 3L, 4L, 4L, 4L, 5L, 5L, 5L, 6L, 6L, 6L, 7L, 7L, 7L, 8L, 8L, 
8L, 9L, 9L, 9L, 10L, 10L, 10L, 11L, 11L, 11L, 12L, 12L, 12L, 
13L, 13L, 13L, 14L, 14L, 14L, 15L, 15L, 15L, 16L, 16L, 16L, 17L, 
17L, 17L, 18L, 18L, 18L, 19L, 19L, 19L, 20L, 20L, 20L), .Label = c("NA.HMP05.a2", 
"NA.HMP05.a3", "NA.HMP05.b1", "NA.HMP05.b2", "NA.HMP05.b3", "NA.HMP05.c1", 
"NA.HMP05.c2", "NA.HMP05.c3", "NA.HMP05.d1", "NA.HMP05.d2", "NA.HMP05.d3", 
"NA.HMP05.e2", "NA.HMP05.f1", "NA.HMP05.f2", "NA.HMP05.f3", "NA.HMP05.g1", 
"NA.HMP05.g2", "NA.HMP05.g3", "NA.HMP05.h2", "NA.HMP05.h3"), class = "factor"), 
    Replica = structure(c(1L, 2L, 3L, 1L, 2L, 3L, 1L, 2L, 3L, 
    1L, 2L, 3L, 1L, 2L, 3L, 1L, 2L, 3L, 1L, 2L, 3L, 1L, 2L, 3L, 
    1L, 2L, 3L, 1L, 2L, 3L, 1L, 2L, 3L, 1L, 2L, 3L, 1L, 2L, 3L, 
    1L, 2L, 3L, 1L, 2L, 3L, 1L, 2L, 3L, 1L, 2L, 3L, 1L, 2L, 3L, 
    1L, 2L, 3L, 1L, 2L, 3L), .Label = c("A", "B", "C"), class = "factor"), 
    RNAseP = c(13220, 13028, 13034, 12125, 11230, 7201, 14056, 
    11221, 11950, 12653, 12157, 10693, 13033, 13037, 12220, 13934, 
    10812, 11373, 12941, 10499, 11142, 13375, 10049, 13134, 12638, 
    13177, 11269, 12807, 11614, 9995, 13830, 11398, 12022, 11527, 
    12384, 12033, 13503, 13417, 12382, 12871, 13811, 11808, 13521, 
    10618, 10184, 15948, 12856, 10867, 13125, 12572, 11535, 13439, 
    11202, 10770, 14238, 11564, 10724, 11064, 11532, 12794), 
    HIRA = c(9108, 9891, 8779, 9564, 8295, 4962, 10950, 7778, 
    8173, 9933, 8832, 8062, 10210, 9266, 8944, 10120, 7870, 7949, 
    9096, 7862, 7983, 9665, 7808, 9238, 9195, 9272, 7631, 10016, 
    8671, 6885, 9815, 8299, 8890, 7634, 8875, 8496, 9563, 9543, 
    8916, 8709, 9544, 8715, 10098, 6870, 7450, 10702, 7814, 7707, 
    8175, 8763, 8366, 9380, 7730, 7946, 10384, 8421, 7273, 7960, 
    8561, 9109), UBE3A = c(10644, 10673, 10756, 9945, 8695, 5593, 
    10756, 8602, 9062, 9971, 9464, 8353, 10518, 9764, 9008, 10892, 
    8646, 8940, 10530, 7940, 9067, 10718, 8351, 11077, 9854, 
    10662, 8728, 10820, 9338, 7743, 10881, 9643, 9291, 9046, 
    10040, 9644, 11579, 10909, 9581, 10557, 10695, 9457, 10326, 
    7821, 8050, 12199, 9996, 8608, 10279, 9823, 8782, 10976, 
    9087, 8357, 12358, 9113, 8244, 7887, 8991, 9632), ENm014 = c(10637, 
    11312, 10204, 10250, 9403, 5957, 11704, 9223, 9879, 10851, 
    10349, 9301, 11482, 11117, 10164, 12400, 9738, 9196, 11019, 
    8622, 9101, 11333, 8606, 11984, 10290, 11260, 9899, 11489, 
    10407, 8843, 11636, 10303, 9839, 9508, 10270, 10450, 12173, 
    12073, 11006, 11477, 10986, 10614, 12042, 9239, 8972, 13010, 
    10026, 9764, 10946, 10595, 9611, 11544, 9161, 8977, 13590, 
    10305, 8605, 9315, 10446, 11492), ENm013 = c(10012, 10045, 
    9419, 9986, 8778, 5546, 11135, 8670, 8745, 10179, 8606, 8589, 
    10670, 9737, 9235, 10823, 8668, 8431, 9988, 7920, 8572, 10041, 
    7822, 10440, 9665, 9794, 8848, 10806, 9294, 7444, 10485, 
    8737, 9276, 8607, 9185, 9414, 11090, 9718, 8833, 10071, 10314, 
    9353, 10468, 7421, 8048, 11639, 9605, 8456, 9245, 9426, 8685, 
    10587, 8729, 8223, 11422, 9004, 8111, 8413, 9014, 9315), 
    SNRPN = c(6061, 5623, 5328, 5729, 4898, 3104, 6300, 4704, 
    4775, 5619, 5022, 4688, 5675, 4784, 4946, 5913, 5042, 4473, 
    5554, 4260, 4620, 5947, 4585, 6140, 5350, 5867, 4891, 5879, 
    5423, 4099, 5714, 5142, 4829, 5017, 5344, 4950, 6274, 5831, 
    5445, 5630, 5308, 4826, 5811, 4430, 4561, 6948, 5134, 4648, 
    5526, 5522, 4827, 5347, 4801, 4576, 6099, 5215, 4145, 4722, 
    4555, 5627), ENm313 = c(6101, 5985, 5374, 5996, 5387, 3435, 
    6296, 5067, 4801, 5838, 5703, 4911, 6013, 5558, 5140, 6109, 
    5271, 5408, 5856, 4737, 5283, 6522, 4658, 6090, 6034, 6362, 
    4829, 6024, 5601, 4869, 6456, 5320, 5692, 5650, 5742, 5579, 
    6619, 6573, 6257, 5723, 5669, 5313, 6066, 4711, 4825, 6847, 
    5366, 5275, 5582, 5679, 5083, 6100, 5355, 5344, 7238, 5335, 
    4885, 4883, 4953, 6231), ZWINT = c(3161, 3238, 2948, 2850, 
    2495, 1591, 3186, 2455, 2711, 2881, 2598, 2497, 3359, 2715, 
    2617, 3172, 2560, 2441, 3087, 2483, 2401, 3050, 2189, 3054, 
    2922, 3014, 2497, 3155, 2839, 2410, 3004, 2586, 2703, 2626, 
    2722, 2808, 3386, 2947, 2994, 3263, 2898, 2639, 3237, 2395, 
    2446, 3516, 2627, 2413, 2863, 2668, 2571, 3065, 2669, 2540, 
    3283, 2343, 2457, 2596, 2567, 3024), ENr111 = c(2879, 2799, 
    2538, 2978, 2637, 1598, 3150, 2472, 2343, 3126, 2392, 2301, 
    2980, 2893, 2576, 3224, 2412, 2287, 2811, 2432, 2449, 3022, 
    2197, 2866, 2852, 2785, 2447, 2681, 2568, 2145, 2800, 2394, 
    2692, 2868, 2580, 2589, 3230, 2943, 3023, 2765, 3036, 2656, 
    3127, 2285, 2285, 3701, 2527, 2198, 2713, 2732, 2296, 2952, 
    2469, 2560, 3532, 2732, 2392, 2515, 2693, 2894), ENm323 = c(4172, 
    4130, 3920, 3747, 3423, 2225, 4711, 3424, 3469, 3960, 3856, 
    3543, 4387, 4251, 4007, 4486, 3461, 3442, 4062, 3187, 3279, 
    3907, 3114, 4267, 3826, 4093, 3423, 4191, 3710, 2932, 4213, 
    3567, 3574, 3294, 3954, 3757, 4366, 4038, 3709, 4021, 3776, 
    3630, 4018, 3087, 3134, 4585, 4031, 3407, 3605, 3659, 3299, 
    4202, 3517, 3367, 4368, 3455, 3348, 3224, 3442, 4242), UBEA3A = c(3325, 
    2934, 2691, 2704, 2528, 1634, 3166, 2591, 2309, 2935, 2659, 
    2404, 2869, 2729, 2465, 3234, 2604, 2482, 3069, 2506, 2556, 
    2890, 2238, 2976, 2955, 2955, 2584, 3272, 2878, 2313, 3162, 
    2692, 2986, 2737, 2981, 2879, 3396, 3271, 2858, 2880, 3025, 
    2713, 3211, 2235, 2242, 3467, 2832, 2327, 2697, 2655, 2552, 
    3181, 2732, 2680, 3679, 2468, 2180, 2426, 2599, 3067), ENr213 = c(1772, 
    2041, 1996, 2033, 1816, 1204, 2054, 1606, 1710, 1947, 1651, 
    1707, 1864, 1691, 1598, 2358, 1760, 1685, 1888, 1565, 1678, 
    2014, 1552, 1951, 1876, 1906, 1660, 2126, 1788, 1612, 2044, 
    1730, 1990, 1634, 1566, 1735, 2201, 2041, 1658, 1861, 1770, 
    1681, 2083, 1719, 1624, 2261, 1795, 1282, 1796, 1828, 2064, 
    2093, 1742, 1739, 2636, 1739, 1658, 1579, 1838, 2058), PHYLIP = c(4283, 
    4420, 4051, 3833, 3257, 2316, 4576, 3308, 3354, 3856, 3567, 
    3460, 3891, 3731, 3470, 4313, 3410, 3173, 4186, 3101, 3383, 
    4135, 3007, 4044, 4164, 4086, 3607, 4234, 3742, 3139, 3918, 
    3550, 3742, 3407, 3797, 3629, 4455, 4001, 4099, 3913, 4250, 
    3421, 3949, 3134, 2911, 4606, 3487, 3260, 4079, 3571, 3108, 
    4152, 3572, 3534, 4522, 3504, 3219, 3614, 3592, 3646), ENr233 = c(10983, 
    11228, 10406, 9465, 9812, 6112, 11396, 8923, 9601, 10372, 
    9691, 9176, 11433, 11344, 10177, 11387, 8769, 8813, 10573, 
    8628, 9297, 11467, 8163, 10584, 10382, 10414, 9376, 10785, 
    9397, 8620, 10938, 9451, 10043, 7239, 7536, 7874, 11126, 
    10924, 10770, 10800, 11467, 9849, 11114, 8776, 8516, 12358, 
    9491, 8860, 9660, 10584, 9173, 13355, 10891, 11036, 13073, 
    9339, 8781, 9710, 9943, 10874), RP11 = c(3249, 3456, 3539, 
    3151, 2981, 1813, 3590, 2544, 2880, 3323, 3125, 2723, 3665, 
    3544, 3139, 3688, 2617, 2663, 3325, 2663, 2905, 3705, 2634, 
    3429, 3219, 3331, 3126, 3270, 3234, 2454, 3585, 3072, 2948, 
    2852, 3238, 3065, 3332, 3416, 3123, 3438, 3423, 3238, 3810, 
    2658, 2648, 4018, 3090, 2316, 3200, 3228, 2906, 3554, 2830, 
    2674, 3802, 3183, 2749, 2965, 3349, 3512), ENr222 = c(3959, 
    3709, 3733, 3543, 3057, 2076, 4242, 3145, 2910, 3801, 3681, 
    3002, 4376, 3545, 3306, 4003, 3341, 2954, 3748, 3003, 3161, 
    3725, 2971, 3552, 3767, 3716, 3187, 3748, 3419, 2844, 3641, 
    3226, 3214, 3433, 3511, 3543, 4008, 4133, 3296, 3714, 3452, 
    3213, 3942, 2970, 3182, 4401, 3385, 3097, 3433, 3485, 3140, 
    3790, 3221, 3111, 4200, 3389, 2973, 3159, 3087, 3694)), .Names = c("Sample", 
"Replica", "RNAseP", "HIRA", "UBE3A", "ENm014", "ENm013", "SNRPN", 
"ENm313", "ZWINT", "ENr111", "ENm323", "UBEA3A", "ENr213", "PHYLIP", 
"ENr233", "RP11", "ENr222"), row.names = c(NA, 60L), class = "data.frame")
